40.578468 -73.989614
40.688615 -73.785593
40.703826 -73.800483
40.71725 -73.803433
40.754179 -73.872231
40.700528 -73.941604
40.694049 -73.934552
40.857427 -73.847079
40.784557 -73.94378
40.694674 -73.919153
40.690361 -73.960108
40.671977 -73.895248
40.712046 -73.943989
40.880462 -73.88164
40.814358 -73.940659	
40.659968 -73.939733
40.744001 -73.858404
40.593798 -74.135437
40.678997 -73.754077
40.835957 -73.919986
40.857427 -73.847079
40.655762 -73.94458
40.7698 -73.941218
40.655762 -73.94458
40.739173 -73.976862
40.715381 -73.956135
40.814794 -73.958928
40.86164 -73.92459
40.671977 -73.895248
40.664827 -73.911415
40.586552 -73.966168
40.712046 -73.943989
40.626584 -74.076758
40.626017 -74.156541
40.721721 -73.995732
40.784557 -73.94378
40.874636 -73.85784
40.729708 -73.954055
40.717209 -73.803419
40.712784 -73.988417
40.691986 -73.982496
40.756368 -73.956054
40.671892 -73.878197
40.821706 -73.94273
40.753164 -73.910752
40.814358 -73.940659
40.586552 -73.966168
40.844083 -73.894482
40.880462 -73.88164
40.67353 -73.935845
40.716079 -73.980373
40.697945 -73.941018
40.700528 -73.941604
40.684318 -73.909056
40.739173 -73.976862
40.702972 -73.905489
40.712019 -73.997309
40.835957 -73.919986
