1 7801
5147 17335
5858 16639
6486 16501
8211 13286
5704 10044
5402 10374
13036 14461
9631 9943
5431 11093
5229 9180
4370 12210
6243 9933
14112 12846
11023 10088
3809 10132
7736 13932
717 987
4698 18807
12033 11055
13036 14461
3612 9905
8941 10062
3612 9905
7510 8397
6398 9365
11044 9235
13233 10839
4370 12210
4036 11455
378 8896
6243 9933
2249 3729
2222 1
6695 7515
9631 9943
13840 13958
7068 9462
6484 16501
6277 7857
5305 8133
8314 9369
4366 13007
11367 9991
8164 11486
11023 10088
378 8896
12412 12246
14112 12846
4443 10313
6431 8233
5584 10072
5704 10044
4947 11565
7510 8397
5818 11732
6241 7441
12033 11055
12033 11055
12033 11055
12033 11055
12033 11055
12033 11055
12033 11055
12033 11055
12033 11055
12033 11055
12033 11055
12033 11055
12033 11055
